name: nodeJS
channels:
  - conda-forge
  - defaults
dependencies:
  - bzip2=1.0.8=h2bbff1b_6
  - ca-certificates=2024.9.24=haa95532_0
  - expat=2.6.3=h5da7b33_0
  - libffi=3.4.4=hd77b12b_1
  - nodejs=22.9.0=h57928b3_0
  - openssl=3.3.2=h2466b09_0
  - pip=24.2=py312haa95532_0
  - python=3.12.7=h14ffc60_0
  - setuptools=75.1.0=py312haa95532_0
  - sqlite=3.45.3=h2bbff1b_0
  - tk=8.6.14=h0416ee5_0
  - tzdata=2024b=h04d1e81_0
  - ucrt=10.0.22621.0=h57928b3_1
  - vc=14.40=h2eaa2aa_1
  - vc14_runtime=14.40.33810=hcc2c482_22
  - vs2015_runtime=14.40.33810=h3bf8584_22
  - wheel=0.44.0=py312haa95532_0
  - xz=5.4.6=h8cc25b3_1
  - zlib=1.2.13=h8cc25b3_1
prefix: C:\Users\charu\anaconda3\envs\nodeJS
